66.6932 89.9713 69.4805 37.5692 53.9905 39.4535 69.5390 94.5213 67.1166 76.6682 65.5914 36.0449 18.9180 43.0597 90.9098 24.1502 76.1546 94.6230
93.3726 45.0394 83.4369 54.6554 9.5373 61.3475 72.0165 78.4233 59.9586 84.8709 45.1946 14.0255 14.2484 96.1559 59.1594 24.3145 76.2408 90.6443
81.0950 20.5672 60.9630 56.1920 14.6515 81.8641 34.6895 70.5572 5.5976 91.6821 83.9697 26.0130 26.8076 76.2414 33.2571 15.4159 57.6056 39.2685
40.6727 14.8877 49.7903 34.2713 1.1681 82.6630 62.0055 69.3753 12.2189 0.4580 94.1919 39.0176 0.1301 95.4678 91.0195 27.4811 50.1659 27.9392
48.4548 89.9651 57.4737 39.5822 63.1141 88.6235 51.6990 10.9334 5.6343 98.6968 53.2624 8.6815 17.4892 0.7349 85.3064 95.6416 74.7663 2.4855
75.6749 76.2586 32.6042 39.8131 85.9320 93.1112 55.6695 38.9931 15.2501 50.5133 55.3887 42.9397 13.8649 68.0039 44.2398 93.5661 64.5535 67.1437
41.7047 88.2486 45.6425 51.5367 97.4222 19.0785 15.6495 59.0905 1.9621 27.1422 68.0066 25.7283 59.8886 70.5951 90.4355 81.8714 12.3220 83.7171
97.1786 28.4950 71.3796 65.7531 57.0838 25.8582 56.2056 45.9380 43.5176 10.0751 36.7190 29.7555 90.1058 64.5129 3.3179 72.8262 50.4398 97.1500
98.7975 67.3226 88.4405 95.0915 99.6850 89.7866 69.4803 5.0340 83.2221 50.7849 23.9291 42.4858 93.9380 55.2310 53.2426 17.5812 34.7261 5.6933
86.4148 66.4280 72.0856 72.2349 55.3542 59.3362 42.6456 22.8688 61.7390 58.5609 57.8923 11.9207 22.1184 21.8109 71.6497 36.0371 9.2148 45.0324
38.8884 12.2815 1.8613 40.0080 51.5458 50.3840 83.6270 83.4189 52.0129 76.2887 86.6887 49.5067 48.2671 77.2366 17.9302 18.8790 14.7849 58.2470
45.4742 40.7318 67.4776 83.1871 33.0682 61.2810 73.1387 1.5645 86.3868 8.2963 40.6777 70.6407 37.6011 22.8028 33.6533 0.1198 19.8170 68.6638
24.6687 27.5287 43.8509 13.4338 43.0002 81.9422 36.0031 86.3711 9.7698 66.1596 11.2615 24.3573 52.3780 37.0865 18.7713 31.6420 67.2270 71.9433
78.4423 71.6670 43.7820 6.0467 49.1806 53.1889 45.4212 7.8069 90.8052 51.6979 44.3846 78.5070 26.4873 89.0929 32.1927 69.9617 43.1511 65.0041
88.2838 28.3384 11.7037 8.4247 7.1037 20.2075 38.6390 66.9043 10.8017 17.1048 30.0184 7.4090 6.8357 85.6377 40.3857 62.5255 69.4404 72.6915
91.3712 89.6199 81.4682 16.3898 88.7739 45.3893 77.5555 50.0211 51.6997 93.8558 40.1387 39.3883 43.6327 40.2434 54.8566 54.3062 25.6785 37.3848
55.8285 82.6579 32.4855 32.4220 6.4634 42.7911 73.4271 21.7994 14.3156 59.0483 83.3364 0.3394 17.3853 31.8019 4.8739 43.9037 0.9759 58.1582
59.8868 39.0027 24.6228 30.1727 43.6185 96.6053 43.0278 57.1616 55.9371 44.0635 40.3629 22.0677 2.6107 60.8635 55.2732 28.7427 53.2283 11.6119 