5.7654 9.1513 27.8876 40.3843 10.9742 58.4641 90.8102 58.7019 7.3243 67.8941 58.0192 19.8222 89.8444 0.9333 9.1100 71.5635
97.9765 61.4627 74.6617 98.8439 26.9884 28.5108 55.2175 41.3886 59.0991 40.3501 53.0964 19.5072 42.9239 91.5026 59.4037 57.7739
28.4824 1.0979 23.6930 8.9999 52.4637 82.7732 3.2940 30.9136 91.0188 93.4979 90.1208 32.6840 33.4329 64.2742 24.1084 43.3299
59.4974 57.3260 95.7345 32.0941 97.2651 19.0986 5.3863 26.3834 19.3766 47.9485 54.0550 88.0338 59.6647 0.1419 84.1369 88.4243
96.2161 78.9730 62.0260 51.1409 71.0409 44.2530 80.5063 75.8766 43.2368 23.1792 43.1981 47.1102 90.1991 3.0385 85.7213 39.3052
18.5778 23.5367 60.0262 6.0606 31.1860 39.3412 45.1375 99.5216 74.9160 39.6290 54.2667 40.3969 70.2066 20.8470 96.3612 17.8975
19.3040 44.8020 17.2605 72.5688 29.1457 82.6574 38.2646 18.6571 3.9184 70.5077 71.2415 17.9231 37.7455 45.4966 48.8900 63.3334
34.1644 56.9358 9.0347 55.6556 85.0357 67.6871 78.9644 78.1145 94.6325 55.8559 1.6675 96.8925 73.4956 12.7266 22.0310 62.4001
93.2898 6.1401 25.5262 52.9360 91.1647 20.7603 36.4287 19.5798 76.3673 75.6631 80.0921 40.7456 95.4103 0.8648 22.6209 32.7942
39.0668 49.6289 85.8571 82.9982 63.9276 31.8105 53.2350 99.2359 55.8821 99.5481 14.2509 84.4487 54.2813 72.7080 53.6788 80.2965
27.3217 64.2315 91.1067 85.8759 25.5370 13.3811 71.1657 80.2262 18.3843 96.2431 47.8474 61.5325 54.0106 35.4116 76.2110 99.9478
15.1947 22.1266 69.9634 78.9029 8.8666 67.1463 87.1477 42.4227 49.7949 53.5067 25.6835 37.6611 31.1110 78.0446 34.7567 98.0978
39.7109 83.7056 72.5182 31.7833 83.8256 57.0991 32.8690 72.8864 51.7846 96.3870 36.9092 87.7182 7.1235 43.6657 46.1232 12.7037
37.4722 97.1075 22.9886 45.2207 58.4719 16.9767 65.0118 49.8354 99.4243 11.5626 66.1765 78.4852 18.1980 43.6555 63.9324 23.2240
13.1115 84.6373 57.6053 75.2228 94.8109 14.7656 97.4836 80.8990 85.4852 5.1448 16.9609 46.4954 9.2989 4.9213 91.7336 2.3632
43.5041 50.5999 81.0628 10.9862 6.1029 47.6080 7.5967 35.6509 96.2404 30.4349 27.8784 81.3977 46.3489 4.9632 16.1573 60.7433