98.7935 59.7490 75 80.9204 75.1946 63.1189 22.3770 27.5070 13.7869 41.1594 78.2872 10.7889 50.1283 83.5221 28.1502 50.3781 40.3491 30.3661 50.3888 94.3732
17.0432 33.5311 74.0648 74.8619 22.8669 35.5074 37.3564 24.8629 21.7802 60.2638 69.3788 18.2228 43.1721 32.2460 23.0383 48.9594 12.2021 4.6192 64.6810 54.9158
25.7792 29.9225 74.3688 12.0187 6.4187 99.7003 8.7500 45.1639 18.2141 75.0520 0.9802 9.9095 99.7560 55.2262 71.1129 87.7049 26.8439 19.5477 30.7746 72.8387
39.6799 45.2593 10.5920 52.5045 76.7330 22.4171 64.0117 22.7713 4.1820 58.3533 84.3213 48.9764 81.1603 97.9129 62.4573 35.3142 25.7846 72.0166 13.8725 57.6758
7.3995 42.2646 68.1560 32.5834 67.1202 65.2451 18.0617 80.4450 10.6942 55.1793 92.2332 19.3245 48.5652 54.9309 59.0609 44.9444 33.1665 72.1753 47.5573  2.5857
68.4096 35.9606 46.3261 54.6449 71.5213 60.4991 4.5051 98.6104 61.6443 58.3571 77.0954 89.5892 89.4448 33.0424 66.0438 96.3530 15.2234 87.7799 36.2459 44.6531
40.2388 55.8319 21.2163 39.8881 64.2061 38.7245 72.3173 2.9992 93.9661 51.1820 4.2660 9.9090 13.7547 61.9472 4.7555  4.2298 34.8008 58.2433 78.8113 64.6302
98.2835 74.2545 9.8519 41.5093 41.9048 14.2187 34.7438 53.5664 35.4456 8.2593 37.8186 4.4166 39.0005 36.0637 34.8785 97.2958 12.1658 7.0684 78.0296 52.1203
40.2184 42.4335 82.3574 18.0738 39.0762 2.5135 66.0617 8.7077 41.0629 71.9570 70.4340 55.7295 92.7356 75.6510 45.1341 18.9207 88.4153 92.2745 66.8512 37.2313
62.0672 42.9356 17.5010 25.5387 81.6140 42.1112 38.3869 80.2091 98.4349 99.6156 72.9513 77.2495 91.7494 41.3901 24.0905 66.7120 9.4278 80.0372 13.3504 93.7135
15.4370 12.4873 16.3570 2.0536 31.7428 18.4100 62.7347 98.9145 94.5579 35.4534 22.4277 31.1940 71.3574 49.2345 71.5045 58.6440 93.0041 28.5947 2.1556 82.9533
38.1345 2.4434 66.5987 92.3676 81.4540 72.5775 2.1650 6.6946 67.6645 97.1259 26.9055 17.8982 61.8337 69.4743 85.6182 67.5112 39.9020 54.3663 55.9841 84.9085
16.1134 29.0185 89.4389 65.3700 78.9074 37.0363 91.0570 93.9398 98.8302 34.6449 67.3031 33.8956 34.3288 97.2734 28.1508 36.1022 4.7401 98.4776 30.0819 37.2534
75.8112 31.7521 51.6558 93.2614 85.2264 84.1560 80.0559 1.8178 76.6831 88.6544 47.7492 21.0146 93.6027 32.7755 73.1051 62.0278 34.2374 71.5678 93.9410 59.3185
87.1111 65.3690 70.2702 16.3512 50.5637 73.4230 74.5847 68.3839 33.6699 45.4695 62.3716 51.0153 12.4774 83.7803 13.7763 81.1151 73.5966 83.8970 98.0904 87.2553
35.0777 95.6936 15.3590 92.1097 63.5661 57.1026 81.3113 78.3736 66.2382 41.3427 23.6445 90.6364 73.0585 73.9072 83.6723 1.9257 79.4682 43.3261 28.6620 93.3502
68.5536 93.5731 95.3457 79.4658 95.0894 17.6855 38.3306 53.4138 24.4165 21.7732 17.7124 62.8924 64.6477 95.4174 13.8602 8.3874 54.4906 47.0625 80.0820 66.8464
29.4149 45.7886 54.0884 57.7394 44.3964 95.7384 61.7279 88.5359 29.5507 12.5655 82.9643 10.1534 83.3152  3.1923 58.8209 97.4802 68.6223 56.0713 89.6111 20.6776
53.0629 24.0478 67.9734 44.0036 6.0019 26.5322 57.5495 89.9005 68.0178 30.8915 76.6922 39.0855 39.8282 35.6869 36.6157 65.1350 89.3633 26.9092 59.7527 65.3851
83.2423 76.3898 3.6563 25.7614 86.6750 92.4581 53.0052 62.5938 52.7847 72.6104 93.4478 5.4617 74.9822 66.2654 80.6760 23.1238 5.4792 74.9018 88.4017 7.2052